(kicad_pcb (version 20171130) (host pcbnew "(5.1.9)-1")

  (general
    (thickness 1.6)
    (drawings 18)
    (tracks 248)
    (zones 0)
    (modules 21)
    (nets 52)
  )

  (page A4)
  (layers
    (0 F.Cu signal)
    (31 B.Cu signal)
    (32 B.Adhes user)
    (33 F.Adhes user)
    (34 B.Paste user)
    (35 F.Paste user)
    (36 B.SilkS user)
    (37 F.SilkS user)
    (38 B.Mask user)
    (39 F.Mask user)
    (40 Dwgs.User user)
    (41 Cmts.User user)
    (42 Eco1.User user)
    (43 Eco2.User user)
    (44 Edge.Cuts user)
    (45 Margin user)
    (46 B.CrtYd user)
    (47 F.CrtYd user)
    (48 B.Fab user)
    (49 F.Fab user)
  )

  (setup
    (last_trace_width 0.5)
    (user_trace_width 0.5)
    (trace_clearance 0.2)
    (zone_clearance 0.508)
    (zone_45_only no)
    (trace_min 0.2)
    (via_size 0.8)
    (via_drill 0.4)
    (via_min_size 0.4)
    (via_min_drill 0.3)
    (uvia_size 0.3)
    (uvia_drill 0.1)
    (uvias_allowed no)
    (uvia_min_size 0.2)
    (uvia_min_drill 0.1)
    (edge_width 0.05)
    (segment_width 0.2)
    (pcb_text_width 0.3)
    (pcb_text_size 1.5 1.5)
    (mod_edge_width 0.12)
    (mod_text_size 1 1)
    (mod_text_width 0.15)
    (pad_size 1.8796 1.8796)
    (pad_drill 1.016)
    (pad_to_mask_clearance 0)
    (aux_axis_origin 0 0)
    (grid_origin 107.315 81.534)
    (visible_elements FFFFFF7F)
    (pcbplotparams
      (layerselection 0x010fc_ffffffff)
      (usegerberextensions false)
      (usegerberattributes true)
      (usegerberadvancedattributes true)
      (creategerberjobfile true)
      (excludeedgelayer true)
      (linewidth 0.100000)
      (plotframeref false)
      (viasonmask false)
      (mode 1)
      (useauxorigin false)
      (hpglpennumber 1)
      (hpglpenspeed 20)
      (hpglpendiameter 15.000000)
      (psnegative false)
      (psa4output false)
      (plotreference true)
      (plotvalue true)
      (plotinvisibletext false)
      (padsonsilk false)
      (subtractmaskfromsilk false)
      (outputformat 1)
      (mirror false)
      (drillshape 0)
      (scaleselection 1)
      (outputdirectory "./"))
  )

  (net 0 "")
  (net 1 "Net-(B1-Pad3.3V)")
  (net 2 5V)
  (net 3 "Net-(B1-PadA0)")
  (net 4 "Net-(B1-PadA1)")
  (net 5 "Net-(B1-PadA2)")
  (net 6 "Net-(B1-PadA3)")
  (net 7 "Net-(B1-PadA4)")
  (net 8 "Net-(B1-PadA5)")
  (net 9 "Net-(B1-PadAREF)")
  (net 10 "Net-(B1-PadD0)")
  (net 11 "Net-(B1-PadD1)")
  (net 12 "Net-(B1-PadD2)")
  (net 13 "Net-(B1-PadD5)")
  (net 14 "Net-(B1-PadD6)")
  (net 15 "Net-(B1-PadD7)")
  (net 16 "Net-(B1-PadD8)")
  (net 17 "Net-(B1-PadD9)")
  (net 18 "Net-(B1-PadD10)")
  (net 19 "Net-(B1-PadD11)")
  (net 20 "Net-(B1-PadD12)")
  (net 21 "Net-(B1-PadD13)")
  (net 22 "Net-(B1-PadIORE)")
  (net 23 "Net-(B1-PadRESE)")
  (net 24 "Net-(B1-PadVIN)")
  (net 25 /RST_5V)
  (net 26 /CS_5V)
  (net 27 Earth)
  (net 28 /MISO_5V)
  (net 29 /MOSI_5V)
  (net 30 /SCK_5V)
  (net 31 /SCL)
  (net 32 /SDA)
  (net 33 VCC)
  (net 34 "Net-(C1-Pad1)")
  (net 35 +3V3)
  (net 36 /ANT)
  (net 37 /MISO_3V3)
  (net 38 /MOSI_3V3)
  (net 39 /SCK_3V3)
  (net 40 /RST_3V3)
  (net 41 /CS_3V3)
  (net 42 "Net-(U2-Pad11)")
  (net 43 "Net-(U2-Pad12)")
  (net 44 "Net-(U2-Pad14)")
  (net 45 "Net-(U2-Pad15)")
  (net 46 "Net-(U3-Pad7)")
  (net 47 "Net-(U3-Pad11)")
  (net 48 "Net-(U3-Pad12)")
  (net 49 "Net-(U3-Pad14)")
  (net 50 "Net-(U3-Pad15)")
  (net 51 "Net-(U3-Pad16)")

  (net_class Default "This is the default net class."
    (clearance 0.2)
    (trace_width 0.25)
    (via_dia 0.8)
    (via_drill 0.4)
    (uvia_dia 0.3)
    (uvia_drill 0.1)
    (add_net +3V3)
    (add_net /ANT)
    (add_net /CS_3V3)
    (add_net /CS_5V)
    (add_net /MISO_3V3)
    (add_net /MISO_5V)
    (add_net /MOSI_3V3)
    (add_net /MOSI_5V)
    (add_net /RST_3V3)
    (add_net /RST_5V)
    (add_net /SCK_3V3)
    (add_net /SCK_5V)
    (add_net /SCL)
    (add_net /SDA)
    (add_net 5V)
    (add_net Earth)
    (add_net "Net-(B1-Pad3.3V)")
    (add_net "Net-(B1-PadA0)")
    (add_net "Net-(B1-PadA1)")
    (add_net "Net-(B1-PadA2)")
    (add_net "Net-(B1-PadA3)")
    (add_net "Net-(B1-PadA4)")
    (add_net "Net-(B1-PadA5)")
    (add_net "Net-(B1-PadAREF)")
    (add_net "Net-(B1-PadD0)")
    (add_net "Net-(B1-PadD1)")
    (add_net "Net-(B1-PadD10)")
    (add_net "Net-(B1-PadD11)")
    (add_net "Net-(B1-PadD12)")
    (add_net "Net-(B1-PadD13)")
    (add_net "Net-(B1-PadD2)")
    (add_net "Net-(B1-PadD5)")
    (add_net "Net-(B1-PadD6)")
    (add_net "Net-(B1-PadD7)")
    (add_net "Net-(B1-PadD8)")
    (add_net "Net-(B1-PadD9)")
    (add_net "Net-(B1-PadIORE)")
    (add_net "Net-(B1-PadRESE)")
    (add_net "Net-(B1-PadVIN)")
    (add_net "Net-(C1-Pad1)")
    (add_net "Net-(U2-Pad11)")
    (add_net "Net-(U2-Pad12)")
    (add_net "Net-(U2-Pad14)")
    (add_net "Net-(U2-Pad15)")
    (add_net "Net-(U3-Pad11)")
    (add_net "Net-(U3-Pad12)")
    (add_net "Net-(U3-Pad14)")
    (add_net "Net-(U3-Pad15)")
    (add_net "Net-(U3-Pad16)")
    (add_net "Net-(U3-Pad7)")
    (add_net VCC)
  )

  (module "" (layer F.Cu) (tedit 0) (tstamp 0)
    (at 181.5 70.5)
    (fp_text reference "" (at 124.46 107.95) (layer F.SilkS)
      (effects (font (size 1.27 1.27) (thickness 0.15)))
    )
    (fp_text value "" (at 124.46 107.95) (layer F.SilkS)
      (effects (font (size 1.27 1.27) (thickness 0.15)))
    )
  )

  (module "" (layer F.Cu) (tedit 0) (tstamp 0)
    (at 155 92)
    (fp_text reference "" (at 124.46 107.95) (layer F.SilkS)
      (effects (font (size 1.27 1.27) (thickness 0.15)))
    )
    (fp_text value "" (at 124.46 107.95) (layer F.SilkS)
      (effects (font (size 1.27 1.27) (thickness 0.15)))
    )
  )

  (module "" (layer F.Cu) (tedit 0) (tstamp 0)
    (at 124.46 109.22)
    (fp_text reference "" (at 124.46 107.95) (layer F.SilkS)
      (effects (font (size 1.27 1.27) (thickness 0.15)))
    )
    (fp_text value "" (at 124.46 107.95) (layer F.SilkS)
      (effects (font (size 1.27 1.27) (thickness 0.15)))
    )
  )

  (module "" (layer F.Cu) (tedit 0) (tstamp 0)
    (at 124.46 107.95)
    (fp_text reference "" (at 152.4 83.82) (layer F.SilkS)
      (effects (font (size 1.27 1.27) (thickness 0.15)))
    )
    (fp_text value "" (at 152.4 83.82) (layer F.SilkS)
      (effects (font (size 1.27 1.27) (thickness 0.15)))
    )
  )

  (module Capacitor_SMD:C_0603_1608Metric (layer F.Cu) (tedit 5F68FEEE) (tstamp 5FF75E3A)
    (at 154.5 73.2)
    (descr "Capacitor SMD 0603 (1608 Metric), square (rectangular) end terminal, IPC_7351 nominal, (Body size source: IPC-SM-782 page 76, https://www.pcb-3d.com/wordpress/wp-content/uploads/ipc-sm-782a_amendment_1_and_2.pdf), generated with kicad-footprint-generator")
    (tags capacitor)
    (path /5FF73E0B)
    (attr smd)
    (fp_text reference C1 (at 0 -1.43) (layer F.SilkS)
      (effects (font (size 1 1) (thickness 0.15)))
    )
    (fp_text value 0.33uF (at 4 0) (layer F.Fab)
      (effects (font (size 1 1) (thickness 0.15)))
    )
    (fp_line (start 1.48 0.73) (end -1.48 0.73) (layer F.CrtYd) (width 0.05))
    (fp_line (start 1.48 -0.73) (end 1.48 0.73) (layer F.CrtYd) (width 0.05))
    (fp_line (start -1.48 -0.73) (end 1.48 -0.73) (layer F.CrtYd) (width 0.05))
    (fp_line (start -1.48 0.73) (end -1.48 -0.73) (layer F.CrtYd) (width 0.05))
    (fp_line (start -0.14058 0.51) (end 0.14058 0.51) (layer F.SilkS) (width 0.12))
    (fp_line (start -0.14058 -0.51) (end 0.14058 -0.51) (layer F.SilkS) (width 0.12))
    (fp_line (start 0.8 0.4) (end -0.8 0.4) (layer F.Fab) (width 0.1))
    (fp_line (start 0.8 -0.4) (end 0.8 0.4) (layer F.Fab) (width 0.1))
    (fp_line (start -0.8 -0.4) (end 0.8 -0.4) (layer F.Fab) (width 0.1))
    (fp_line (start -0.8 0.4) (end -0.8 -0.4) (layer F.Fab) (width 0.1))
    (fp_text user %R (at 0 0) (layer F.Fab)
      (effects (font (size 0.4 0.4) (thickness 0.06)))
    )
    (pad 1 smd roundrect (at -0.775 0) (size 0.9 0.95) (layers F.Cu F.Paste F.Mask) (roundrect_rratio 0.25)
      (net 34 "Net-(C1-Pad1)"))
    (pad 2 smd roundrect (at 0.775 0) (size 0.9 0.95) (layers F.Cu F.Paste F.Mask) (roundrect_rratio 0.25)
      (net 27 Earth))
    (model ${KISYS3DMOD}/Capacitor_SMD.3dshapes/C_0603_1608Metric.wrl
      (at (xyz 0 0 0))
      (scale (xyz 1 1 1))
      (rotate (xyz 0 0 0))
    )
  )

  (module Capacitor_SMD:C_0603_1608Metric (layer F.Cu) (tedit 5F68FEEE) (tstamp 5FF75E4B)
    (at 142.5 75.6 180)
    (descr "Capacitor SMD 0603 (1608 Metric), square (rectangular) end terminal, IPC_7351 nominal, (Body size source: IPC-SM-782 page 76, https://www.pcb-3d.com/wordpress/wp-content/uploads/ipc-sm-782a_amendment_1_and_2.pdf), generated with kicad-footprint-generator")
    (tags capacitor)
    (path /5FF71844)
    (attr smd)
    (fp_text reference C2 (at 0.5 -1.5) (layer F.SilkS)
      (effects (font (size 1 1) (thickness 0.15)))
    )
    (fp_text value 0.1uF (at 1 1.43) (layer F.Fab)
      (effects (font (size 1 1) (thickness 0.15)))
    )
    (fp_text user %R (at 0 0) (layer F.Fab)
      (effects (font (size 0.4 0.4) (thickness 0.06)))
    )
    (fp_line (start -0.8 0.4) (end -0.8 -0.4) (layer F.Fab) (width 0.1))
    (fp_line (start -0.8 -0.4) (end 0.8 -0.4) (layer F.Fab) (width 0.1))
    (fp_line (start 0.8 -0.4) (end 0.8 0.4) (layer F.Fab) (width 0.1))
    (fp_line (start 0.8 0.4) (end -0.8 0.4) (layer F.Fab) (width 0.1))
    (fp_line (start -0.14058 -0.51) (end 0.14058 -0.51) (layer F.SilkS) (width 0.12))
    (fp_line (start -0.14058 0.51) (end 0.14058 0.51) (layer F.SilkS) (width 0.12))
    (fp_line (start -1.48 0.73) (end -1.48 -0.73) (layer F.CrtYd) (width 0.05))
    (fp_line (start -1.48 -0.73) (end 1.48 -0.73) (layer F.CrtYd) (width 0.05))
    (fp_line (start 1.48 -0.73) (end 1.48 0.73) (layer F.CrtYd) (width 0.05))
    (fp_line (start 1.48 0.73) (end -1.48 0.73) (layer F.CrtYd) (width 0.05))
    (pad 2 smd roundrect (at 0.775 0 180) (size 0.9 0.95) (layers F.Cu F.Paste F.Mask) (roundrect_rratio 0.25)
      (net 27 Earth))
    (pad 1 smd roundrect (at -0.775 0 180) (size 0.9 0.95) (layers F.Cu F.Paste F.Mask) (roundrect_rratio 0.25)
      (net 35 +3V3))
    (model ${KISYS3DMOD}/Capacitor_SMD.3dshapes/C_0603_1608Metric.wrl
      (at (xyz 0 0 0))
      (scale (xyz 1 1 1))
      (rotate (xyz 0 0 0))
    )
  )

  (module Capacitor_SMD:C_0603_1608Metric (layer F.Cu) (tedit 5F68FEEE) (tstamp 5FF75E5C)
    (at 159.6 83.8 90)
    (descr "Capacitor SMD 0603 (1608 Metric), square (rectangular) end terminal, IPC_7351 nominal, (Body size source: IPC-SM-782 page 76, https://www.pcb-3d.com/wordpress/wp-content/uploads/ipc-sm-782a_amendment_1_and_2.pdf), generated with kicad-footprint-generator")
    (tags capacitor)
    (path /5FF800AD)
    (attr smd)
    (fp_text reference C3 (at 0 -1.43 90) (layer F.SilkS)
      (effects (font (size 1 1) (thickness 0.15)))
    )
    (fp_text value 0.1uF (at 3.556 0 90) (layer F.Fab)
      (effects (font (size 1 1) (thickness 0.15)))
    )
    (fp_text user %R (at 0 0 90) (layer F.Fab)
      (effects (font (size 0.4 0.4) (thickness 0.06)))
    )
    (fp_line (start -0.8 0.4) (end -0.8 -0.4) (layer F.Fab) (width 0.1))
    (fp_line (start -0.8 -0.4) (end 0.8 -0.4) (layer F.Fab) (width 0.1))
    (fp_line (start 0.8 -0.4) (end 0.8 0.4) (layer F.Fab) (width 0.1))
    (fp_line (start 0.8 0.4) (end -0.8 0.4) (layer F.Fab) (width 0.1))
    (fp_line (start -0.14058 -0.51) (end 0.14058 -0.51) (layer F.SilkS) (width 0.12))
    (fp_line (start -0.14058 0.51) (end 0.14058 0.51) (layer F.SilkS) (width 0.12))
    (fp_line (start -1.48 0.73) (end -1.48 -0.73) (layer F.CrtYd) (width 0.05))
    (fp_line (start -1.48 -0.73) (end 1.48 -0.73) (layer F.CrtYd) (width 0.05))
    (fp_line (start 1.48 -0.73) (end 1.48 0.73) (layer F.CrtYd) (width 0.05))
    (fp_line (start 1.48 0.73) (end -1.48 0.73) (layer F.CrtYd) (width 0.05))
    (pad 2 smd roundrect (at 0.775 0 90) (size 0.9 0.95) (layers F.Cu F.Paste F.Mask) (roundrect_rratio 0.25)
      (net 27 Earth))
    (pad 1 smd roundrect (at -0.775 0 90) (size 0.9 0.95) (layers F.Cu F.Paste F.Mask) (roundrect_rratio 0.25)
      (net 35 +3V3))
    (model ${KISYS3DMOD}/Capacitor_SMD.3dshapes/C_0603_1608Metric.wrl
      (at (xyz 0 0 0))
      (scale (xyz 1 1 1))
      (rotate (xyz 0 0 0))
    )
  )

  (module Capacitor_SMD:C_0603_1608Metric (layer F.Cu) (tedit 5F68FEEE) (tstamp 5FF75E6D)
    (at 133.5 91 180)
    (descr "Capacitor SMD 0603 (1608 Metric), square (rectangular) end terminal, IPC_7351 nominal, (Body size source: IPC-SM-782 page 76, https://www.pcb-3d.com/wordpress/wp-content/uploads/ipc-sm-782a_amendment_1_and_2.pdf), generated with kicad-footprint-generator")
    (tags capacitor)
    (path /5FF94EA3)
    (attr smd)
    (fp_text reference C4 (at 0 -1.43) (layer F.SilkS)
      (effects (font (size 1 1) (thickness 0.15)))
    )
    (fp_text value 10UF (at 0 1.43) (layer F.Fab)
      (effects (font (size 1 1) (thickness 0.15)))
    )
    (fp_line (start 1.48 0.73) (end -1.48 0.73) (layer F.CrtYd) (width 0.05))
    (fp_line (start 1.48 -0.73) (end 1.48 0.73) (layer F.CrtYd) (width 0.05))
    (fp_line (start -1.48 -0.73) (end 1.48 -0.73) (layer F.CrtYd) (width 0.05))
    (fp_line (start -1.48 0.73) (end -1.48 -0.73) (layer F.CrtYd) (width 0.05))
    (fp_line (start -0.14058 0.51) (end 0.14058 0.51) (layer F.SilkS) (width 0.12))
    (fp_line (start -0.14058 -0.51) (end 0.14058 -0.51) (layer F.SilkS) (width 0.12))
    (fp_line (start 0.8 0.4) (end -0.8 0.4) (layer F.Fab) (width 0.1))
    (fp_line (start 0.8 -0.4) (end 0.8 0.4) (layer F.Fab) (width 0.1))
    (fp_line (start -0.8 -0.4) (end 0.8 -0.4) (layer F.Fab) (width 0.1))
    (fp_line (start -0.8 0.4) (end -0.8 -0.4) (layer F.Fab) (width 0.1))
    (fp_text user %R (at 0 0) (layer F.Fab)
      (effects (font (size 0.4 0.4) (thickness 0.06)))
    )
    (pad 1 smd roundrect (at -0.775 0 180) (size 0.9 0.95) (layers F.Cu F.Paste F.Mask) (roundrect_rratio 0.25)
      (net 35 +3V3))
    (pad 2 smd roundrect (at 0.775 0 180) (size 0.9 0.95) (layers F.Cu F.Paste F.Mask) (roundrect_rratio 0.25)
      (net 27 Earth))
    (model ${KISYS3DMOD}/Capacitor_SMD.3dshapes/C_0603_1608Metric.wrl
      (at (xyz 0 0 0))
      (scale (xyz 1 1 1))
      (rotate (xyz 0 0 0))
    )
  )

  (module Connectors:1X02 (layer F.Cu) (tedit 5963D0E5) (tstamp 5FF75E81)
    (at 151.5 70 90)
    (descr "PLATED THROUGH HOLE")
    (tags "PLATED THROUGH HOLE")
    (path /5FF76AC3)
    (attr virtual)
    (fp_text reference J1 (at 0 -1.905 90) (layer F.SilkS)
      (effects (font (size 0.6096 0.6096) (thickness 0.127)))
    )
    (fp_text value Conn_01x02_Male (at 0 1.905 90) (layer F.SilkS)
      (effects (font (size 0.6096 0.6096) (thickness 0.127)))
    )
    (fp_line (start 3.81 -0.635) (end 3.81 0.635) (layer F.SilkS) (width 0.2032))
    (fp_line (start 0.635 1.27) (end -0.635 1.27) (layer F.SilkS) (width 0.2032))
    (fp_line (start -1.27 0.635) (end -0.635 1.27) (layer F.SilkS) (width 0.2032))
    (fp_line (start -0.635 -1.27) (end -1.27 -0.635) (layer F.SilkS) (width 0.2032))
    (fp_line (start -1.27 -0.635) (end -1.27 0.635) (layer F.SilkS) (width 0.2032))
    (fp_line (start 1.905 1.27) (end 1.27 0.635) (layer F.SilkS) (width 0.2032))
    (fp_line (start 3.175 1.27) (end 1.905 1.27) (layer F.SilkS) (width 0.2032))
    (fp_line (start 3.81 0.635) (end 3.175 1.27) (layer F.SilkS) (width 0.2032))
    (fp_line (start 3.175 -1.27) (end 3.81 -0.635) (layer F.SilkS) (width 0.2032))
    (fp_line (start 1.905 -1.27) (end 3.175 -1.27) (layer F.SilkS) (width 0.2032))
    (fp_line (start 1.27 -0.635) (end 1.905 -1.27) (layer F.SilkS) (width 0.2032))
    (fp_line (start 1.27 0.635) (end 0.635 1.27) (layer F.SilkS) (width 0.2032))
    (fp_line (start 0.635 -1.27) (end 1.27 -0.635) (layer F.SilkS) (width 0.2032))
    (fp_line (start -0.635 -1.27) (end 0.635 -1.27) (layer F.SilkS) (width 0.2032))
    (pad 1 thru_hole circle (at 0 0 90) (size 1.8796 1.8796) (drill 1.016) (layers *.Cu *.Mask)
      (net 34 "Net-(C1-Pad1)") (solder_mask_margin 0.1016))
    (pad 2 thru_hole circle (at 2.54 0 90) (size 1.8796 1.8796) (drill 1.016) (layers *.Cu *.Mask)
      (net 33 VCC) (solder_mask_margin 0.1016))
  )

  (module Connectors:1X04 (layer F.Cu) (tedit 5963D2C6) (tstamp 5FF75EA3)
    (at 172.31 69 180)
    (descr "PLATED THROUGH HOLE - 4 PIN")
    (tags "PLATED THROUGH HOLE - 4 PIN")
    (path /60018BA0)
    (attr virtual)
    (fp_text reference J2 (at 0 -1.905) (layer F.SilkS)
      (effects (font (size 0.6096 0.6096) (thickness 0.127)))
    )
    (fp_text value Conn_01x04_Female (at 0 1.905) (layer F.SilkS)
      (effects (font (size 0.6096 0.6096) (thickness 0.127)))
    )
    (fp_line (start 8.89 -0.635) (end 8.89 0.635) (layer F.SilkS) (width 0.2032))
    (fp_line (start 0.635 1.27) (end -0.635 1.27) (layer F.SilkS) (width 0.2032))
    (fp_line (start -1.27 0.635) (end -0.635 1.27) (layer F.SilkS) (width 0.2032))
    (fp_line (start -0.635 -1.27) (end -1.27 -0.635) (layer F.SilkS) (width 0.2032))
    (fp_line (start -1.27 -0.635) (end -1.27 0.635) (layer F.SilkS) (width 0.2032))
    (fp_line (start 1.905 1.27) (end 1.27 0.635) (layer F.SilkS) (width 0.2032))
    (fp_line (start 3.175 1.27) (end 1.905 1.27) (layer F.SilkS) (width 0.2032))
    (fp_line (start 3.81 0.635) (end 3.175 1.27) (layer F.SilkS) (width 0.2032))
    (fp_line (start 3.175 -1.27) (end 3.81 -0.635) (layer F.SilkS) (width 0.2032))
    (fp_line (start 1.905 -1.27) (end 3.175 -1.27) (layer F.SilkS) (width 0.2032))
    (fp_line (start 1.27 -0.635) (end 1.905 -1.27) (layer F.SilkS) (width 0.2032))
    (fp_line (start 1.27 0.635) (end 0.635 1.27) (layer F.SilkS) (width 0.2032))
    (fp_line (start 0.635 -1.27) (end 1.27 -0.635) (layer F.SilkS) (width 0.2032))
    (fp_line (start -0.635 -1.27) (end 0.635 -1.27) (layer F.SilkS) (width 0.2032))
    (fp_line (start 8.255 1.27) (end 6.985 1.27) (layer F.SilkS) (width 0.2032))
    (fp_line (start 6.35 0.635) (end 6.985 1.27) (layer F.SilkS) (width 0.2032))
    (fp_line (start 6.985 -1.27) (end 6.35 -0.635) (layer F.SilkS) (width 0.2032))
    (fp_line (start 4.445 1.27) (end 3.81 0.635) (layer F.SilkS) (width 0.2032))
    (fp_line (start 5.715 1.27) (end 4.445 1.27) (layer F.SilkS) (width 0.2032))
    (fp_line (start 6.35 0.635) (end 5.715 1.27) (layer F.SilkS) (width 0.2032))
    (fp_line (start 5.715 -1.27) (end 6.35 -0.635) (layer F.SilkS) (width 0.2032))
    (fp_line (start 4.445 -1.27) (end 5.715 -1.27) (layer F.SilkS) (width 0.2032))
    (fp_line (start 3.81 -0.635) (end 4.445 -1.27) (layer F.SilkS) (width 0.2032))
    (fp_line (start 8.89 0.635) (end 8.255 1.27) (layer F.SilkS) (width 0.2032))
    (fp_line (start 8.255 -1.27) (end 8.89 -0.635) (layer F.SilkS) (width 0.2032))
    (fp_line (start 6.985 -1.27) (end 8.255 -1.27) (layer F.SilkS) (width 0.2032))
    (pad 1 thru_hole circle (at 0 0 180) (size 1.8796 1.8796) (drill 1.016) (layers *.Cu *.Mask)
      (net 32 /SDA) (solder_mask_margin 0.1016))
    (pad 2 thru_hole circle (at 2.54 0 180) (size 1.8796 1.8796) (drill 1.016) (layers *.Cu *.Mask)
      (net 31 /SCL) (solder_mask_margin 0.1016))
    (pad 3 thru_hole circle (at 5.08 0 180) (size 1.8796 1.8796) (drill 1.016) (layers *.Cu *.Mask)
      (net 2 5V) (solder_mask_margin 0.1016))
    (pad 4 thru_hole circle (at 7.62 0 180) (size 1.8796 1.8796) (drill 1.016) (layers *.Cu *.Mask)
      (net 27 Earth) (solder_mask_margin 0.1016))
  )

  (module Connectors:1X01 (layer F.Cu) (tedit 5963CE6C) (tstamp 5FF75EB0)
    (at 132 85.5)
    (descr "PLATED THROUGH HOLE")
    (tags "PLATED THROUGH HOLE")
    (path /5FFD5DF5)
    (attr virtual)
    (fp_text reference J3 (at 0 -1.778) (layer F.SilkS)
      (effects (font (size 0.6096 0.6096) (thickness 0.127)))
    )
    (fp_text value CONN_01 (at 0 1.905) (layer F.SilkS)
      (effects (font (size 0.6096 0.6096) (thickness 0.127)))
    )
    (fp_line (start 1.27 0.635) (end 1.27 -0.635) (layer F.SilkS) (width 0.2032))
    (fp_line (start 0.635 1.27) (end 1.27 0.635) (layer F.SilkS) (width 0.2032))
    (fp_line (start -0.635 1.27) (end 0.635 1.27) (layer F.SilkS) (width 0.2032))
    (fp_line (start -1.27 0.635) (end -0.635 1.27) (layer F.SilkS) (width 0.2032))
    (fp_line (start -1.27 -0.635) (end -1.27 0.635) (layer F.SilkS) (width 0.2032))
    (fp_line (start -0.635 -1.27) (end -1.27 -0.635) (layer F.SilkS) (width 0.2032))
    (fp_line (start 0.635 -1.27) (end -0.635 -1.27) (layer F.SilkS) (width 0.2032))
    (fp_line (start 1.27 -0.635) (end 0.635 -1.27) (layer F.SilkS) (width 0.2032))
    (pad 1 thru_hole circle (at 0 0) (size 1.8796 1.8796) (drill 1.016) (layers *.Cu *.Mask)
      (net 36 /ANT) (solder_mask_margin 0.1016))
  )

  (module 1053354-1:10533541 (layer F.Cu) (tedit 5FF5DBA6) (tstamp 5FF75EC5)
    (at 124.848 85.455)
    (descr 1053354-1-1)
    (tags Connector)
    (path /5FFC4663)
    (fp_text reference J4 (at 0 0) (layer F.SilkS)
      (effects (font (size 1.27 1.27) (thickness 0.254)))
    )
    (fp_text value 1053354-1 (at 0 0) (layer F.SilkS) hide
      (effects (font (size 1.27 1.27) (thickness 0.254)))
    )
    (fp_line (start -3.188 3.15) (end 3.112 3.15) (layer Dwgs.User) (width 0.2))
    (fp_line (start 3.112 3.15) (end 3.112 -3.15) (layer Dwgs.User) (width 0.2))
    (fp_line (start 3.112 -3.15) (end -3.188 -3.15) (layer Dwgs.User) (width 0.2))
    (fp_line (start -3.188 -3.15) (end -3.188 3.15) (layer Dwgs.User) (width 0.2))
    (fp_line (start -4.863 -4.825) (end 4.863 -4.825) (layer Dwgs.User) (width 0.1))
    (fp_line (start 4.863 -4.825) (end 4.863 4.825) (layer Dwgs.User) (width 0.1))
    (fp_line (start 4.863 4.825) (end -4.863 4.825) (layer Dwgs.User) (width 0.1))
    (fp_line (start -4.863 4.825) (end -4.863 -4.825) (layer Dwgs.User) (width 0.1))
    (fp_line (start -3.188 0.75) (end -3.188 -0.75) (layer F.SilkS) (width 0.1))
    (fp_line (start -0.788 -3.15) (end 0.712 -3.15) (layer F.SilkS) (width 0.1))
    (fp_line (start 3.112 -0.75) (end 3.112 0.75) (layer F.SilkS) (width 0.1))
    (fp_line (start -0.788 3.15) (end 0.712 3.15) (layer F.SilkS) (width 0.1))
    (pad 1 thru_hole circle (at -0.038 0 90) (size 2.55 2.55) (drill 1.7) (layers *.Cu *.Mask F.SilkS)
      (net 36 /ANT))
    (pad 2 thru_hole circle (at -2.587 2.55 90) (size 2.55 2.55) (drill 1.7) (layers *.Cu *.Mask F.SilkS)
      (net 27 Earth))
    (pad 3 thru_hole circle (at 2.512 2.55 90) (size 2.55 2.55) (drill 1.7) (layers *.Cu *.Mask F.SilkS)
      (net 27 Earth))
    (pad 4 thru_hole circle (at 2.512 -2.55 90) (size 2.55 2.55) (drill 1.7) (layers *.Cu *.Mask F.SilkS)
      (net 27 Earth))
    (pad 5 thru_hole circle (at -2.587 -2.55 90) (size 2.55 2.55) (drill 1.7) (layers *.Cu *.Mask F.SilkS)
      (net 27 Earth))
  )

  (module Package_TO_SOT_SMD:SOT-23 (layer F.Cu) (tedit 5A02FF57) (tstamp 5FF75EDA)
    (at 178.5 80)
    (descr "SOT-23, Standard")
    (tags SOT-23)
    (path /5FFD9B1F)
    (attr smd)
    (fp_text reference Q1 (at 0 -2.5) (layer F.SilkS)
      (effects (font (size 1 1) (thickness 0.15)))
    )
    (fp_text value BSS138 (at 0 2.5) (layer F.Fab)
      (effects (font (size 1 1) (thickness 0.15)))
    )
    (fp_line (start 0.76 1.58) (end -0.7 1.58) (layer F.SilkS) (width 0.12))
    (fp_line (start 0.76 -1.58) (end -1.4 -1.58) (layer F.SilkS) (width 0.12))
    (fp_line (start -1.7 1.75) (end -1.7 -1.75) (layer F.CrtYd) (width 0.05))
    (fp_line (start 1.7 1.75) (end -1.7 1.75) (layer F.CrtYd) (width 0.05))
    (fp_line (start 1.7 -1.75) (end 1.7 1.75) (layer F.CrtYd) (width 0.05))
    (fp_line (start -1.7 -1.75) (end 1.7 -1.75) (layer F.CrtYd) (width 0.05))
    (fp_line (start 0.76 -1.58) (end 0.76 -0.65) (layer F.SilkS) (width 0.12))
    (fp_line (start 0.76 1.58) (end 0.76 0.65) (layer F.SilkS) (width 0.12))
    (fp_line (start -0.7 1.52) (end 0.7 1.52) (layer F.Fab) (width 0.1))
    (fp_line (start 0.7 -1.52) (end 0.7 1.52) (layer F.Fab) (width 0.1))
    (fp_line (start -0.7 -0.95) (end -0.15 -1.52) (layer F.Fab) (width 0.1))
    (fp_line (start -0.15 -1.52) (end 0.7 -1.52) (layer F.Fab) (width 0.1))
    (fp_line (start -0.7 -0.95) (end -0.7 1.5) (layer F.Fab) (width 0.1))
    (fp_text user %R (at 0 0 90) (layer F.Fab)
      (effects (font (size 0.5 0.5) (thickness 0.075)))
    )
    (pad 1 smd rect (at -1 -0.95) (size 0.9 0.8) (layers F.Cu F.Paste F.Mask)
      (net 35 +3V3))
    (pad 2 smd rect (at -1 0.95) (size 0.9 0.8) (layers F.Cu F.Paste F.Mask)
      (net 37 /MISO_3V3))
    (pad 3 smd rect (at 1 0) (size 0.9 0.8) (layers F.Cu F.Paste F.Mask)
      (net 28 /MISO_5V))
    (model ${KISYS3DMOD}/Package_TO_SOT_SMD.3dshapes/SOT-23.wrl
      (at (xyz 0 0 0))
      (scale (xyz 1 1 1))
      (rotate (xyz 0 0 0))
    )
  )

  (module Resistor_SMD:R_0603_1608Metric (layer F.Cu) (tedit 5F68FEEE) (tstamp 5FF75EEB)
    (at 159 93.5 270)
    (descr "Resistor SMD 0603 (1608 Metric), square (rectangular) end terminal, IPC_7351 nominal, (Body size source: IPC-SM-782 page 72, https://www.pcb-3d.com/wordpress/wp-content/uploads/ipc-sm-782a_amendment_1_and_2.pdf), generated with kicad-footprint-generator")
    (tags resistor)
    (path /5FFB09FC)
    (attr smd)
    (fp_text reference R1 (at -2.5 0 90) (layer F.SilkS)
      (effects (font (size 1 1) (thickness 0.15)))
    )
    (fp_text value 100k (at 3.5 0 90) (layer F.Fab)
      (effects (font (size 1 1) (thickness 0.15)))
    )
    (fp_text user %R (at 0 0 90) (layer F.Fab)
      (effects (font (size 0.4 0.4) (thickness 0.06)))
    )
    (fp_line (start -0.8 0.4125) (end -0.8 -0.4125) (layer F.Fab) (width 0.1))
    (fp_line (start -0.8 -0.4125) (end 0.8 -0.4125) (layer F.Fab) (width 0.1))
    (fp_line (start 0.8 -0.4125) (end 0.8 0.4125) (layer F.Fab) (width 0.1))
    (fp_line (start 0.8 0.4125) (end -0.8 0.4125) (layer F.Fab) (width 0.1))
    (fp_line (start -0.237258 -0.5225) (end 0.237258 -0.5225) (layer F.SilkS) (width 0.12))
    (fp_line (start -0.237258 0.5225) (end 0.237258 0.5225) (layer F.SilkS) (width 0.12))
    (fp_line (start -1.48 0.73) (end -1.48 -0.73) (layer F.CrtYd) (width 0.05))
    (fp_line (start -1.48 -0.73) (end 1.48 -0.73) (layer F.CrtYd) (width 0.05))
    (fp_line (start 1.48 -0.73) (end 1.48 0.73) (layer F.CrtYd) (width 0.05))
    (fp_line (start 1.48 0.73) (end -1.48 0.73) (layer F.CrtYd) (width 0.05))
    (pad 2 smd roundrect (at 0.825 0 270) (size 0.8 0.95) (layers F.Cu F.Paste F.Mask) (roundrect_rratio 0.25)
      (net 2 5V))
    (pad 1 smd roundrect (at -0.825 0 270) (size 0.8 0.95) (layers F.Cu F.Paste F.Mask) (roundrect_rratio 0.25)
      (net 25 /RST_5V))
    (model ${KISYS3DMOD}/Resistor_SMD.3dshapes/R_0603_1608Metric.wrl
      (at (xyz 0 0 0))
      (scale (xyz 1 1 1))
      (rotate (xyz 0 0 0))
    )
  )

  (module Resistor_SMD:R_0603_1608Metric (layer F.Cu) (tedit 5F68FEEE) (tstamp 5FF75EFC)
    (at 170 94.5 270)
    (descr "Resistor SMD 0603 (1608 Metric), square (rectangular) end terminal, IPC_7351 nominal, (Body size source: IPC-SM-782 page 72, https://www.pcb-3d.com/wordpress/wp-content/uploads/ipc-sm-782a_amendment_1_and_2.pdf), generated with kicad-footprint-generator")
    (tags resistor)
    (path /5FFB5913)
    (attr smd)
    (fp_text reference R2 (at 0 -1.43 90) (layer F.SilkS)
      (effects (font (size 1 1) (thickness 0.15)))
    )
    (fp_text value 100k (at 0 1.43 90) (layer F.Fab)
      (effects (font (size 1 1) (thickness 0.15)))
    )
    (fp_line (start 1.48 0.73) (end -1.48 0.73) (layer F.CrtYd) (width 0.05))
    (fp_line (start 1.48 -0.73) (end 1.48 0.73) (layer F.CrtYd) (width 0.05))
    (fp_line (start -1.48 -0.73) (end 1.48 -0.73) (layer F.CrtYd) (width 0.05))
    (fp_line (start -1.48 0.73) (end -1.48 -0.73) (layer F.CrtYd) (width 0.05))
    (fp_line (start -0.237258 0.5225) (end 0.237258 0.5225) (layer F.SilkS) (width 0.12))
    (fp_line (start -0.237258 -0.5225) (end 0.237258 -0.5225) (layer F.SilkS) (width 0.12))
    (fp_line (start 0.8 0.4125) (end -0.8 0.4125) (layer F.Fab) (width 0.1))
    (fp_line (start 0.8 -0.4125) (end 0.8 0.4125) (layer F.Fab) (width 0.1))
    (fp_line (start -0.8 -0.4125) (end 0.8 -0.4125) (layer F.Fab) (width 0.1))
    (fp_line (start -0.8 0.4125) (end -0.8 -0.4125) (layer F.Fab) (width 0.1))
    (fp_text user %R (at 0 0 90) (layer F.Fab)
      (effects (font (size 0.4 0.4) (thickness 0.06)))
    )
    (pad 1 smd roundrect (at -0.825 0 270) (size 0.8 0.95) (layers F.Cu F.Paste F.Mask) (roundrect_rratio 0.25)
      (net 26 /CS_5V))
    (pad 2 smd roundrect (at 0.825 0 270) (size 0.8 0.95) (layers F.Cu F.Paste F.Mask) (roundrect_rratio 0.25)
      (net 2 5V))
    (model ${KISYS3DMOD}/Resistor_SMD.3dshapes/R_0603_1608Metric.wrl
      (at (xyz 0 0 0))
      (scale (xyz 1 1 1))
      (rotate (xyz 0 0 0))
    )
  )

  (module Resistor_SMD:R_0603_1608Metric (layer F.Cu) (tedit 5F68FEEE) (tstamp 5FF75F0D)
    (at 179.5 75.5 270)
    (descr "Resistor SMD 0603 (1608 Metric), square (rectangular) end terminal, IPC_7351 nominal, (Body size source: IPC-SM-782 page 72, https://www.pcb-3d.com/wordpress/wp-content/uploads/ipc-sm-782a_amendment_1_and_2.pdf), generated with kicad-footprint-generator")
    (tags resistor)
    (path /5FFECF5C)
    (attr smd)
    (fp_text reference R3 (at 0 -1.43 90) (layer F.SilkS)
      (effects (font (size 1 1) (thickness 0.15)))
    )
    (fp_text value 10k (at 0 1.43 90) (layer F.Fab)
      (effects (font (size 1 1) (thickness 0.15)))
    )
    (fp_line (start 1.48 0.73) (end -1.48 0.73) (layer F.CrtYd) (width 0.05))
    (fp_line (start 1.48 -0.73) (end 1.48 0.73) (layer F.CrtYd) (width 0.05))
    (fp_line (start -1.48 -0.73) (end 1.48 -0.73) (layer F.CrtYd) (width 0.05))
    (fp_line (start -1.48 0.73) (end -1.48 -0.73) (layer F.CrtYd) (width 0.05))
    (fp_line (start -0.237258 0.5225) (end 0.237258 0.5225) (layer F.SilkS) (width 0.12))
    (fp_line (start -0.237258 -0.5225) (end 0.237258 -0.5225) (layer F.SilkS) (width 0.12))
    (fp_line (start 0.8 0.4125) (end -0.8 0.4125) (layer F.Fab) (width 0.1))
    (fp_line (start 0.8 -0.4125) (end 0.8 0.4125) (layer F.Fab) (width 0.1))
    (fp_line (start -0.8 -0.4125) (end 0.8 -0.4125) (layer F.Fab) (width 0.1))
    (fp_line (start -0.8 0.4125) (end -0.8 -0.4125) (layer F.Fab) (width 0.1))
    (fp_text user %R (at 0 0 90) (layer F.Fab)
      (effects (font (size 0.4 0.4) (thickness 0.06)))
    )
    (pad 1 smd roundrect (at -0.825 0 270) (size 0.8 0.95) (layers F.Cu F.Paste F.Mask) (roundrect_rratio 0.25)
      (net 2 5V))
    (pad 2 smd roundrect (at 0.825 0 270) (size 0.8 0.95) (layers F.Cu F.Paste F.Mask) (roundrect_rratio 0.25)
      (net 28 /MISO_5V))
    (model ${KISYS3DMOD}/Resistor_SMD.3dshapes/R_0603_1608Metric.wrl
      (at (xyz 0 0 0))
      (scale (xyz 1 1 1))
      (rotate (xyz 0 0 0))
    )
  )

  (module Resistor_SMD:R_0603_1608Metric (layer F.Cu) (tedit 5F68FEEE) (tstamp 5FF75F1E)
    (at 175.5 79.675 270)
    (descr "Resistor SMD 0603 (1608 Metric), square (rectangular) end terminal, IPC_7351 nominal, (Body size source: IPC-SM-782 page 72, https://www.pcb-3d.com/wordpress/wp-content/uploads/ipc-sm-782a_amendment_1_and_2.pdf), generated with kicad-footprint-generator")
    (tags resistor)
    (path /5FFE7A4F)
    (attr smd)
    (fp_text reference R4 (at -2.675 0 90) (layer F.SilkS)
      (effects (font (size 1 1) (thickness 0.15)))
    )
    (fp_text value 10k (at 0 1.43 90) (layer F.Fab)
      (effects (font (size 1 1) (thickness 0.15)))
    )
    (fp_text user %R (at 0 0 90) (layer F.Fab)
      (effects (font (size 0.4 0.4) (thickness 0.06)))
    )
    (fp_line (start -0.8 0.4125) (end -0.8 -0.4125) (layer F.Fab) (width 0.1))
    (fp_line (start -0.8 -0.4125) (end 0.8 -0.4125) (layer F.Fab) (width 0.1))
    (fp_line (start 0.8 -0.4125) (end 0.8 0.4125) (layer F.Fab) (width 0.1))
    (fp_line (start 0.8 0.4125) (end -0.8 0.4125) (layer F.Fab) (width 0.1))
    (fp_line (start -0.237258 -0.5225) (end 0.237258 -0.5225) (layer F.SilkS) (width 0.12))
    (fp_line (start -0.237258 0.5225) (end 0.237258 0.5225) (layer F.SilkS) (width 0.12))
    (fp_line (start -1.48 0.73) (end -1.48 -0.73) (layer F.CrtYd) (width 0.05))
    (fp_line (start -1.48 -0.73) (end 1.48 -0.73) (layer F.CrtYd) (width 0.05))
    (fp_line (start 1.48 -0.73) (end 1.48 0.73) (layer F.CrtYd) (width 0.05))
    (fp_line (start 1.48 0.73) (end -1.48 0.73) (layer F.CrtYd) (width 0.05))
    (pad 2 smd roundrect (at 0.825 0 270) (size 0.8 0.95) (layers F.Cu F.Paste F.Mask) (roundrect_rratio 0.25)
      (net 37 /MISO_3V3))
    (pad 1 smd roundrect (at -0.825 0 270) (size 0.8 0.95) (layers F.Cu F.Paste F.Mask) (roundrect_rratio 0.25)
      (net 35 +3V3))
    (model ${KISYS3DMOD}/Resistor_SMD.3dshapes/R_0603_1608Metric.wrl
      (at (xyz 0 0 0))
      (scale (xyz 1 1 1))
      (rotate (xyz 0 0 0))
    )
  )

  (module LM1117IMP-ADJ_NOPB:SOT230P700X180-4N (layer F.Cu) (tedit 5FF5E2F6) (tstamp 5FF75F34)
    (at 148.5 75.5 180)
    (descr "DCY (R-PDSO-G4")
    (tags "Integrated Circuit")
    (path /5FF70C18)
    (attr smd)
    (fp_text reference U1 (at 0.0762 -0.1524 90) (layer F.SilkS)
      (effects (font (size 1.27 1.27) (thickness 0.254)))
    )
    (fp_text value LM1117-3.3 (at 0 0) (layer F.SilkS) hide
      (effects (font (size 1.27 1.27) (thickness 0.254)))
    )
    (fp_line (start -4.275 -3.6) (end 4.275 -3.6) (layer Dwgs.User) (width 0.05))
    (fp_line (start 4.275 -3.6) (end 4.275 3.6) (layer Dwgs.User) (width 0.05))
    (fp_line (start 4.275 3.6) (end -4.275 3.6) (layer Dwgs.User) (width 0.05))
    (fp_line (start -4.275 3.6) (end -4.275 -3.6) (layer Dwgs.User) (width 0.05))
    (fp_line (start -1.75 -3.25) (end 1.75 -3.25) (layer Dwgs.User) (width 0.1))
    (fp_line (start 1.75 -3.25) (end 1.75 3.25) (layer Dwgs.User) (width 0.1))
    (fp_line (start 1.75 3.25) (end -1.75 3.25) (layer Dwgs.User) (width 0.1))
    (fp_line (start -1.75 3.25) (end -1.75 -3.25) (layer Dwgs.User) (width 0.1))
    (fp_line (start -1.75 -0.95) (end 0.55 -3.25) (layer Dwgs.User) (width 0.1))
    (fp_line (start -1.75 -3.25) (end 1.75 -3.25) (layer F.SilkS) (width 0.2))
    (fp_line (start 1.75 -3.25) (end 1.75 3.25) (layer F.SilkS) (width 0.2))
    (fp_line (start 1.75 3.25) (end -1.75 3.25) (layer F.SilkS) (width 0.2))
    (fp_line (start -1.75 3.25) (end -1.75 -3.25) (layer F.SilkS) (width 0.2))
    (fp_line (start -4.025 -3.125) (end -2.275 -3.125) (layer F.SilkS) (width 0.2))
    (pad 1 smd rect (at -3.15 -2.3 270) (size 0.95 1.75) (layers F.Cu F.Paste F.Mask)
      (net 27 Earth))
    (pad 2 smd rect (at -3.15 0 270) (size 0.95 1.75) (layers F.Cu F.Paste F.Mask)
      (net 35 +3V3))
    (pad 3 smd rect (at -3.15 2.3 270) (size 0.95 1.75) (layers F.Cu F.Paste F.Mask)
      (net 34 "Net-(C1-Pad1)"))
    (pad 2 smd rect (at 3.15 0 180) (size 1.75 3.2) (layers F.Cu B.Adhes F.Paste F.Mask)
      (net 35 +3V3))
  )

  (module Silicon-Standard:SO16 (layer F.Cu) (tedit 5961E22B) (tstamp 5FF75F54)
    (at 164 89 270)
    (descr "SOIC, 0.15 INCH WIDTH")
    (tags "SOIC, 0.15 INCH WIDTH")
    (path /5FF6FA17)
    (attr smd)
    (fp_text reference U2 (at -5.969 0) (layer F.SilkS)
      (effects (font (size 0.6096 0.6096) (thickness 0.127)))
    )
    (fp_text value HEX_CONVERTER (at 5.969 0) (layer F.SilkS)
      (effects (font (size 0.6096 0.6096) (thickness 0.127)))
    )
    (fp_line (start -5.2578 1.6637) (end -5.2578 0.6604) (layer F.SilkS) (width 0.2032))
    (fp_line (start -5.2578 -1.45034) (end -5.2578 -0.6096) (layer F.SilkS) (width 0.2032))
    (fp_line (start 5.2578 1.56464) (end 5.2578 -1.56464) (layer F.SilkS) (width 0.2032))
    (fp_line (start -4.8768 1.94564) (end 4.97586 1.94564) (layer F.SilkS) (width 0.2032))
    (fp_line (start 4.8768 -1.94564) (end -4.8768 -1.94564) (layer F.SilkS) (width 0.2032))
    (fp_circle (center -5.588 2.413) (end -5.461 2.413) (layer F.SilkS) (width 0.254))
    (fp_circle (center -5.588 2.413) (end -5.334 2.413) (layer F.SilkS) (width 0.254))
    (fp_arc (start 4.92506 1.6129) (end 5.2578 1.56464) (angle 90) (layer F.SilkS) (width 0.2032))
    (fp_arc (start -4.826 -1.51384) (end -5.2578 -1.46304) (angle 90) (layer F.SilkS) (width 0.2032))
    (fp_arc (start 4.8768 -1.56464) (end 4.8768 -1.94564) (angle 90) (layer F.SilkS) (width 0.2032))
    (fp_arc (start -4.92506 1.61544) (end -4.8768 1.94564) (angle 90) (layer F.SilkS) (width 0.2032))
    (fp_arc (start -5.207 0.0254) (end -5.207 -0.6096) (angle 180) (layer F.SilkS) (width 0.2032))
    (pad 1 smd rect (at -4.445 2.79908 270) (size 0.59944 1.19888) (layers F.Cu F.Paste F.Mask)
      (net 35 +3V3) (solder_mask_margin 0.1016))
    (pad 2 smd rect (at -3.175 2.79908 270) (size 0.59944 1.19888) (layers F.Cu F.Paste F.Mask)
      (net 38 /MOSI_3V3) (solder_mask_margin 0.1016))
    (pad 3 smd rect (at -1.905 2.79908 270) (size 0.59944 1.19888) (layers F.Cu F.Paste F.Mask)
      (net 29 /MOSI_5V) (solder_mask_margin 0.1016))
    (pad 4 smd rect (at -0.635 2.79908 270) (size 0.59944 1.19888) (layers F.Cu F.Paste F.Mask)
      (net 39 /SCK_3V3) (solder_mask_margin 0.1016))
    (pad 5 smd rect (at 0.635 2.79908 270) (size 0.59944 1.19888) (layers F.Cu F.Paste F.Mask)
      (net 30 /SCK_5V) (solder_mask_margin 0.1016))
    (pad 6 smd rect (at 1.905 2.79908 270) (size 0.59944 1.19888) (layers F.Cu F.Paste F.Mask)
      (net 40 /RST_3V3) (solder_mask_margin 0.1016))
    (pad 7 smd rect (at 3.175 2.79908 270) (size 0.59944 1.19888) (layers F.Cu F.Paste F.Mask)
      (net 25 /RST_5V) (solder_mask_margin 0.1016))
    (pad 8 smd rect (at 4.445 2.79908 270) (size 0.59944 1.19888) (layers F.Cu F.Paste F.Mask)
      (net 27 Earth) (solder_mask_margin 0.1016))
    (pad 9 smd rect (at 4.445 -2.79908 270) (size 0.59944 1.19888) (layers F.Cu F.Paste F.Mask)
      (net 26 /CS_5V) (solder_mask_margin 0.1016))
    (pad 10 smd rect (at 3.175 -2.79908 270) (size 0.59944 1.19888) (layers F.Cu F.Paste F.Mask)
      (net 41 /CS_3V3) (solder_mask_margin 0.1016))
    (pad 11 smd rect (at 1.905 -2.79908 270) (size 0.59944 1.19888) (layers F.Cu F.Paste F.Mask)
      (net 42 "Net-(U2-Pad11)") (solder_mask_margin 0.1016))
    (pad 12 smd rect (at 0.635 -2.79908 270) (size 0.59944 1.19888) (layers F.Cu F.Paste F.Mask)
      (net 43 "Net-(U2-Pad12)") (solder_mask_margin 0.1016))
    (pad 13 smd rect (at -0.635 -2.79908 270) (size 0.59944 1.19888) (layers F.Cu F.Paste F.Mask)
      (solder_mask_margin 0.1016))
    (pad 14 smd rect (at -1.905 -2.79908 270) (size 0.59944 1.19888) (layers F.Cu F.Paste F.Mask)
      (net 44 "Net-(U2-Pad14)") (solder_mask_margin 0.1016))
    (pad 15 smd rect (at -3.175 -2.79908 270) (size 0.59944 1.19888) (layers F.Cu F.Paste F.Mask)
      (net 45 "Net-(U2-Pad15)") (solder_mask_margin 0.1016))
    (pad 16 smd rect (at -4.445 -2.79908 270) (size 0.59944 1.19888) (layers F.Cu F.Paste F.Mask)
      (solder_mask_margin 0.1016))
  )

  (module RF_Sparkfun:RFM69HCW-XXXS2 (layer F.Cu) (tedit 200000) (tstamp 5FF75F8A)
    (at 144.5 90 180)
    (descr "HOPE RF RFM69HCW RF TRANSCIEVER")
    (tags "HOPE RF RFM69HCW RF TRANSCIEVER")
    (path /5FF9D9F9)
    (attr smd)
    (fp_text reference U3 (at 0 -7.366) (layer F.SilkS)
      (effects (font (size 0.6096 0.6096) (thickness 0.127)))
    )
    (fp_text value RFM69HCW-915 (at 0 7.366) (layer F.SilkS)
      (effects (font (size 0.6096 0.6096) (thickness 0.127)))
    )
    (fp_circle (center -9.08812 -8.38962) (end -9.08812 -8.89762) (layer F.SilkS) (width 0.1))
    (fp_line (start 8.12546 -6.1722) (end 8.12546 -5.842) (layer F.SilkS) (width 0.2032))
